4294967278,38
4294967278,41
4294967278,40
4294967278,39
4294967278,52
4294967278,51
4294967278,50
4294967278,49
4294967278,48
4294967278,47
4294967278,46
4294967278,45
4294967278,44
4294967278,43
4294967278,42
4294967279,269
4294967279,267
4294967279,266
59,4
59,3
59,2
59,1
4294967279,265
4294967294,925
4294967279,360
4294967294,409
4294967294,395
4294967294,396
4294967294,413
4294967294,385
4294967294,179
4294967294,407
4294967294,178
4294967294,168
4294967294,917
4294967294,384
4294967294,169
4294967294,118
4294967294,457
4294967294,405
4294967294,180
4294967294,454
4294967294,109
4294967279,359
4294967279,262
4294967278,55
4294967278,54
4294967278,53
4294967279,261
4294967279,259
4294967279,258
4294967278,527
58,4
58,3
58,2
58,1
4294967278,526
4294967278,174
4294967278,60
4294967278,59
4294967278,58
4294967278,57
4294967278,56
4294967279,78
4294967279,77
4294967279,76
4294967279,75
4294967279,73
4294967279,72
4294967279,71
4294967279,69
4294967278,523
4294967278,521
4294967278,550
4294967278,520
4294967278,522
4294967278,519
4294967278,254
4294967278,252
4294967278,246
57,6
4294967278,250
57,5
57,4
4294967278,248
57,3
57,2
57,1
4294967278,247
4294967278,245
4294967278,243
4294967278,241
4294967278,238
4294967278,237
4294967278,574
4294967278,236
4294967278,234
4294967278,228
4294967278,232
4294967278,230
4294967278,229
4294967278,226
4294967278,224
4294967278,222
4294967294,389
4294967294,430
4294967294,114
4294967294,120
4294967294,426
4294967278,221
4294967279,379
4294967278,219
4294967279,62
4294967279,61
4294967279,60
4294967279,59
4294967279,58
4294967279,57
4294967279,55
4294967279,53
4294967279,52
4294967279,50
4294967279,49
4294967279,48
4294967279,47
4294967279,46
4294967279,45
4294967279,44
4294967279,43
4294967279,41
4294967279,39
4294967279,38
4294967279,35
4294967279,32
4294967279,31
4294967279,30
4294967279,29
4294967279,28
4294967279,27
4294967279,25
4294967279,24
4294967279,22
4294967279,20
4294967279,19
4294967279,16
4294967279,14
4294967279,13
4294967279,12
4294967279,11
4294967279,10
32,4
4294967294,12
4294967294,61
4294967294,68
4294967294,11
4294967278,564
4294967294,186
4294967278,212
4294967278,515
4294967294,5
4294967278,208
4294967294,38
4294967294,36
4294967294,393
4294967294,45
4294967294,1357
4294967294,44
4294967294,474
4294967294,472
4294967294,955
4294967294,29
4294967294,28
4294967294,91
4294967294,90
4294967294,87
4294967294,86
4294967294,968
4294967279,378
4294967278,207
4294967278,513
4294967278,206
4294967278,205
4294967278,202
4294967278,204
54,5
54,4
4294967278,203
54,3
54,2
54,1
4294967278,563
4294967294,40
4294967294,76
4294967294,41
4294967294,52
4294967294,956
4294967294,83
4294967294,43
4294967294,417
4294967294,51
4294967294,84
4294967294,82
4294967278,201
4294967278,200
4294967278,132
4294967278,131
4294967278,130
4294967278,129
4294967278,128
4294967278,127
4294967278,126
4294967278,125
4294967278,124
4294967278,123
4294967278,122
4294967278,121
4294967278,120
4294967278,119
4294967278,118
4294967278,117
4294967278,116
4294967278,115
4294967278,114
4294967278,113
4294967278,112
4294967278,111
4294967278,110
4294967278,109
4294967278,108
4294967278,107
4294967278,106
4294967278,105
4294967278,104
4294967278,103
4294967278,102
4294967278,101
4294967278,100
4294967278,99
4294967278,98
4294967278,97
4294967278,96
4294967278,95
4294967278,94
4294967278,93
4294967278,92
4294967278,91
4294967278,90
4294967278,89
4294967278,87
4294967278,86
4294967278,85
4294967278,81
4294967278,79
4294967278,78
4294967278,77
4294967278,76
4294967278,75
4294967278,74
4294967278,71
4294967278,69
4294967278,68
4294967278,67
4294967278,66
4294967278,65
4294967278,64
4294967278,63
4294967278,62
4294967278,0
4294967279,80
4294967279,79
4294967279,68
4294967279,67
4294967279,66
4294967279,64
4294967279,63
4294967279,56
4294967279,54
4294967279,51
4294967279,42
4294967279,40
4294967279,37
4294967279,36
4294967279,34
4294967279,342
4294967279,33
4294967279,26
4294967279,23
4294967279,134
4294967279,21
4294967279,18
4294967279,17
4294967279,371
4294967279,15
4294967279,268
4294967279,362
4294967279,361
4294967279,9
4294967279,8
4294967279,7
4294967279,6
4294967279,5
4294967279,4
4294967278,199
4294967278,198
4294967278,84
4294967278,319
4294967294,50
4294967294,388
4294967278,83
4294967278,316
4294967278,82
4294967278,317
4294967278,194
4294967279,285
4294967294,963
4294967278,80
4294967278,193
